57	293	13.8	5	0.1	219.1413528	0.381	6.8
56.7	295	13.4	41	0.1	198.7285436	0.373	6.5
56.2	3	13	36	0.1	187.84595	0.341	6.2
55.3	316	12.6	33	0.1	117.49698	0.34	5.9
54.8	321	12.2	24	0.1	114.56	0.338	5.5
73	17	48.9	97	0.1	2416.588235	0.681	10.9
72.8	18	47.9	97	0.1	189.681557	0.674	10.7
73.3	15	46.9	98	0.1	1453.642777	0.67	10.7
73.6	14	46	97	0.1	1326.97339	0.662	10.6
72.6	11	45	97	0.1	1175.788981	0.656	10.7
72.3	14	47.9	86	0.1	2598.9823	0.673	11.7
71.7	146	47	87	0.1	294.33556	0.663	11.5
71.6	145	46.1	86	0.1	1774.33673	0.653	11.1
71.4	145	45.3	89	0.1	1732.857979	0.644	10.9
71.3	145	44.4	86	0.1	1757.17797	0.636	10.7
47.1	386	17.2	4	2.5	141.86844	0.415	6.4
46.8	388	16.8	4	2.4	779.468356	0.406	5.9
46.5	391	16.3	41	2.3	711.181716	0.401	5.5
45.7	44	15.8	38	2.1	526.168743	0.391	5.1
45.3	48	15.4	28	2	555.2969419	0.382	4.6
74.4	149	4.8	97	0.1	1352.8374	0	0
74.2	151	4.1	99	0.1	9739.82556	0	0
74	153	39.5	98	0.1	9386.716452	0	0
73.8	154	38.9	97	0.1	9358.154162	0	0
73.6	156	38.2	95	0.1	9875.161736	0	0
74.7	13	56.3	98	0.1	4251.574348	0.775	16.3
74.1	137	55.7	96	0.1	333.4376	0.77	16.4
74.1	138	55.1	93	0.1	2579.193168	0.776	16.3
74	138	54.6	83	0.1	717.694674	0.771	15.6
74.1	137	54	83	0.1	7669.273916	0.764	15
73	132	48.4	91	0.1	1191.96192	0.668	10.9
72.7	134	48.1	94	0.1	93.1661567	0.657	10.8
72.6	134	47.8	94	0.1	783.261699	0.645	10.8
72.6	141	47.4	94	0.1	694.435119	0.644	11.1
72	142	47.1	93	0.1	622.7427477	0.639	11.2
86	69	6.9	92	0.1	3472.37977	0.908	20.7
83	71	6.3	93	0.1	23465.38559	0.905	20.6
79.9	73	59.6	92	0.1	281.81763	0.902	20.1
79.9	75	59	92	0.1	19517.84168	0.899	20.5
79.5	78	58.2	9	0.1	2169.921	0.897	20.4
79.3	86	52.2	83	0.1	36693.4262	0.841	14.7
78.8	88	51.7	84	0.1	3212.9355	0.837	14.7
78.7	9	51.2	83	0.1	26351.37568	0.847	16.1
78.6	92	5.6	84	0.1	24489.73553	0.837	15.5
78.1	96	5.1	81	0.1	24517.26745	0.833	15.4
68.4	154	44.2	77	0.1	145.2163	0.668	11
67.8	154	43.6	77	0.1	883.6439965	0.659	10.8
67.8	146	43.1	76	0.1	763.73858	0.651	10.6
67.5	151	42.6	77	0.1	73.6838434	0.642	10.4
66.6	16	42.1	76	0.1	655.974326	0.636	10.1
75.2	83	55.6	98	0.1	15846.47641	0.803	13.9
75	85	55.2	97	0.1	14221.99259	0.798	13.7
74.9	87	55	98	0.1	1312.33457	0.796	13.5
74.7	9	54.8	99	0.1	12868.211	0.794	13.3
74.5	92	54.5	97	0.1	13636.34668	0.786	13.2
67.3	158	12	99	0.1	46.7579167	0.491	8.1
66.8	161	11.6	87	0.1	432.7388972	0.484	7.9
66.3	164	11.2	83	0.1	4.6135745	0.476	7.7
65.8	168	1.8	85	0.1	42.5981152	0.468	7.5
65.3	173	1.4	82	0.1	45.63371	0.459	7.3
73.8	119	46.2	93	0.2	12868.8639	0.757	14.4
73.7	121	45.4	89	0.4	1228.5447	0.753	14.2
73.5	123	44.6	87	0.8	11675.39395	0.749	14
73.4	125	43.8	84	0.7	11513.87189	0.75	14
73.3	127	43	93	0.9	11568.1111	0.741	14
68.2	247	56.2	99	0.1	2378.33927	0.703	14.1
67.7	253	55.8	5	0.1	1819.525644	0.695	13.9
67.2	262	55.3	99	0.1	1479.383142	0.687	13.6
67.7	254	54.9	99	0.1	1244.373185	0.681	13.3
68	247	54.4	99	0.1	1276.28834	0.675	13.1
78.8	91	59.8	95	0.1	35589.71295	0.88	18.8
78.3	95	59.4	95	0.1	3743.95693	0.878	18.6
78	99	59	95	0.1	2552.3328	0.875	18.8
78	1	58.5	95	0.1	23121.56635	0.873	18.2
77.6	11	58.1	95	0.1	2327.4591	0.869	18
68.7	197	43.2	97	0.8	3831.53819	0.691	12.5
68.4	21	42.6	96	1.5	3679.99523	0.684	12.2
68.5	199	42	89	0.1	3556.561825	0.678	11.9
68.2	21	41.4	96	0.4	3419.275719	0.677	11.8
68.3	196	4.8	91	0.3	3364.423711	0.668	11.7
56.1	285	2.1	72	2.1	583.493514	0.423	8.1
55.8	285	19.7	73	2.1	519.2922847	0.416	7.7
55.6	283	19.2	75	2.1	418.6985763	0.407	7.3
55.5	281	18.8	76	2.1	378.73654	0.395	6.6
55.4	279	18.4	78	2	374.1923942	0.389	6.4
64.2	263	16.1	89	0.3	197.45788	0	8.8
63.3	273	15.5	95	0.2	997.7417141	0	8.4
62.5	282	14.9	86	0.1	885.6382245	0	8
61.7	29	14.4	88	0.1	87.9387673	0	7.6
62	312	13.9	92	0.1	765.8632358	0	7.3
75.5	99	49.9	84	0.1	265.642661	0	12.3
75.2	12	49.4	87	0.1	2214.732246	0	12.1
75.4	11	48.8	8	0.1	1761.537647	0	11.9
74.9	113	48.2	91	0.1	1524.41222	0	11.6
74.6	116	47.6	85	0.1	1461.7552	0	0
48.1	652	32.2	96	28.4	4896.583835	0.58	11.8
46.4	693	31.6	96	31.9	4163.6596	0.567	11.8
46	699	31.1	97	34.6	355.618382	0.558	11.9
46.7	679	3.5	97	37.2	3128.97793	0.56	11.8
47.8	647	29.9	97	38.8	3349.68823	0.559	11.7
72	17	46.9	99	0.1	3623.47667	0.695	14
71.8	172	46.1	99	0.1	359.587582	0.699	14.8
71.4	176	45.3	99	0.1	2819.649531	0.692	14.6
71	179	44.5	98	0.1	3146.95177	0.685	14.3
75	183	43.7	98	0.1	3739.11936	0.677	14.1
76.4	89	3.1	92	0.1	21896.6527	0.828	13.7
76	89	29.1	92	0.1	18555.56649	0.823	13.4
74.8	95	28	94	0.1	16846.2198	0.82	13.3
74.7	19	27	97	0.1	16468.12886	0.819	13.4
74.4	16	26.1	99	0.1	188.44826	0.818	13.4
72.2	157	59.1	95	0.1	3381.57837	0.738	13.3
72	155	58.6	96	0.1	271.46824	0.729	12.9
71.8	157	58.1	93	0.1	287.534843	0.723	12.9
71.6	16	57.5	94	0.1	1764.97387	0.713	12.9
71.1	163	57	93	0.1	169.28586	0.709	12.9
52.4	323	13.7	79	2.5	371.323865	0	3.9
51.6	332	13.3	79	2.9	332.344351	0	3.8
51	338	12.9	69	3.2	26.7635413	0	3.6
56	344	12.5	62	3.6	235.4912324	0	3.5
51	348	12.2	45	4	226.4759814	0	3.4
52.6	378	13.8	83	4.8	127.4296648	0.279	5.2
51.9	387	13.5	82	5.1	112.849373	0.276	4.7
51.5	387	13.3	81	5.2	122.4335893	0.268	4.4
51.3	385	13	81	5.3	133.7427689	0.268	4.5
58	386	12.8	8	5.2	135.9984455	0.268	4.5
71.4	14	23.7	93	0.8	1976.45856	0.574	11.1
71.1	144	23.2	92	0.9	1768.92132	0.572	11.3
77	148	22.6	91	0.8	1373.515636	0.569	11.3
73	152	22.1	9	0.8	1268.884564	0.562	11
69.9	155	21.5	9	0.8	1239.377855	0	11.3
61.5	253	13.5	85	1.7	48.615184	0.458	9.7
63	268	13.1	69	1.9	362.4213785	0.445	9.3
59.3	273	12.8	54	2.1	339.676984	0.427	8.2
58.5	273	12.4	6	2.2	321.22634	0.412	7.6
57.7	274	12.1	59	2.1	3.685949	0.401	7.2
52.1	412	22.8	73	7.5	93.211716	0.455	8.2
51.8	412	22.3	73	7.7	824.8689393	0.452	8.1
51.6	47	21.8	66	7.8	676.397661	0.452	8.4
51.5	41	21.3	63	7.9	614.6729339	0.437	7.1
51.4	394	2.9	62	7.7	68.414399	0.433	6.9
80	77	6.6	91	0.1	31979.87195	0.881	15.8
79.7	78	6	91	0.1	28172.14883	0.877	15.8
79.5	79	59.3	88	0.1	24167.8431	0.872	15.8
79.4	8	58.5	89	0.1	23691.59472	0.867	15.8
79.1	82	57.8	89	0.1	24124.16917	0.864	15.9
45.7	512	17.9	51	12	313.21598	0.315	5.7
45.7	51	17.5	47	12.8	286.25819	0.316	5.6
45.6	58	17.2	44	13.4	253.768343	0.315	5.4
45.6	54	16.8	4	13.9	243.1586486	0.314	5.3
46	49	16.5	37	14.3	243.5429317	0.312	5.2
48.5	45	15.1	21	5.2	454.6765879	0.301	5.6
48.4	43	14.8	23	5.1	292.5914364	0.284	5.4
48.1	43	14.4	25	5	22.854821	0.303	5.1
48	4	14.1	26	4.8	197.3156442	0.3	4.9
47.6	44	13.9	36	4.6	166.231785	0	4.7
78	97	56.8	93	0.1	621.828325	0.781	14.3
77.9	1	56.1	96	0.1	4787.699532	0.775	14
77.8	11	55.4	97	0.1	4463.545867	0.768	13.9
77.3	16	54.7	97	0.1	4595.666327	0.761	13.7
77.3	13	54	91	0.1	511.368479	0.755	13.5
73.5	11	23.4	87	0.1	158.668462	0.622	10.2
73.1	13	22.6	86	0.1	1288.642924	0.61	9.9
72.7	16	21.9	86	0.1	1148.5857	0.6	9.7
72.2	11	21.2	86	0.1	153.1824	0.592	9.6
71.7	115	2.5	85	0.1	959.372181	0.583	9.5
72.8	148	49.8	89	0.1	274.249442	0.658	11.3
72.4	15	49	92	0.1	2246.257472	0.659	11.6
71.8	163	48.2	81	0.1	2355.725857	0.656	11.5
71.5	165	47.5	8	0.1	2395.856551	0.653	11.4
71.4	167	46.7	79	0.1	2472.197831	0.65	11.3
59.8	269	18.8	76	0.1	616.4197236	0	9.5
59.6	271	18.4	8	0.1	544.566526	0	9.2
59.5	271	18	89	0.1	433.2691451	0	8.8
59.5	272	17.6	7	0.1	395.9319363	0	8.5
59.5	272	17.3	7	0.1	375.8528566	0	8.2
77.7	12	49.3	9	0.1	4425.57467	0.719	12.2
78	1	48.3	88	0.1	4167.71417	0.715	12.1
78.3	99	47.3	94	0.1	462.14965	0.712	11.9
77.5	1	46.4	91	0.1	3981.52847	0.708	11.7
77.6	98	45.4	88	0.1	388.363689	0.702	11.6
75.4	114	56.9	96	0.1	9365.742468	0.771	13.3
74.7	122	56.3	94	0.1	785.881418	0.765	12.9
74.8	124	55.8	95	0.1	653.71637	0.759	12.6
74.9	126	55.2	94	0.1	5245.421419	0.749	12.3
74.7	127	54.7	93	0.1	4919.62869	0.739	12.2
77.3	17	53	88	0.1	339.716256	0.705	13.2
77.4	18	52.1	72	0.1	3192.669378	0.694	12.9
77.7	19	51.3	99	0.1	2994.339988	0.692	12.5
76.7	115	5.4	98	0.1	2832.188893	0.686	12.3
76.9	115	49.4	95	0.1	2741.11542	0.679	12.1
78.6	65	54.8	98	0.1	23932.49128	0.823	13.4
78.5	66	54.3	98	0.1	2293.4789	0.815	13
78.4	68	53.8	98	0.1	16372.29152	0.805	12.5
78.2	69	53.3	97	0.1	1562.92433	0.8	12.4
78.1	7	52.8	97	0.1	14672.8826	0.798	12.5
77.7	98	54.4	95	0.1	46511.6457	0.893	16.5
77.3	11	53.9	96	0.1	4458.7764	0.882	16.3
77	14	53.3	98	0.1	33228.69291	0.875	16.6
77	12	52.8	97	0.1	3751.64946	0.862	16.2
76.9	12	52.2	97	0.1	3743.55917	0.86	16.5
58.1	326	29.8	64	4	864.184726	0.388	3.7
58	325	29.4	68	4.2	819.974118	0.378	3.5
57.9	322	29	62	4.3	792.15412	0.372	3.3
57.7	323	28.6	53	4.3	781.2322196	0.363	2.9
57.4	325	28.2	46	4.1	768.176767	0.361	2.9
69.3	214	47.2	79	2.1	2421.9662	0.666	12.5
73	22	46.1	79	2.3	2372.628827	0.665	12.4
71.4	189	45.1	82	2.4	38.46578	0.66	12.3
71.2	188	44.1	72	2.5	2862.154836	0.656	12.3
72	176	43.1	78	2.5	282.4242	0.651	12.2
74.4	148	46.5	88	0.3	278.557892	0.682	12.7
74.4	151	45.8	87	0.3	244.46898	0.679	12.6
73.6	157	45.1	88	0.3	2183.966796	0.675	12.5
73.4	158	44.3	89	0.3	193.741571	0.67	12.4
72.8	163	43.6	87	0.3	1451.29776	0.668	12.4
70	215	48.6	9	0.3	2632.79942	0.636	12.4
69.9	29	47.8	94	0.3	2519.737387	0.628	12
73	24	47	81	0.4	248.4125	0.621	11.8
68.9	219	46.2	92	0.4	2338.772244	0.615	11.6
69	218	45.3	99	0.4	2238.4116	0.607	11.3
54.1	336	19.8	38	4.4	685.34897	0.553	8.5
53.8	334	19.5	37	3.6	3577.176197	0.554	8.4
53.5	334	19.1	36	2.9	2711.17114	0.542	8.2
53.1	334	18.7	35	2.3	2283.87939	0.527	8
52.7	336	18.3	34	1.9	172.68491	0	0
59.1	342	13.6	98	1.8	287.4222243	0	5
58.8	343	13.3	93	1.9	232.7945459	0	4.7
58.5	343	13.1	9	1.9	21.7687981	0	4.4
58.1	345	12.8	86	2	215.139213	0	4.3
45.3	593	12.6	81	1.9	28.1969487	0	3.9
72.3	195	55.2	94	0.1	885.465115	0.805	15.7
71.9	199	54.9	94	0.1	7174.237415	0.798	15.6
71.2	211	54.6	94	0.1	538.347781	0.791	15.4
78	225	54.3	94	0.1	4498.95727	0.781	15
78	218	54	93	0.1	47.32827	0.764	14.4
55	354	13.5	4	4.1	135.7623858	0.31	5.4
54	363	13.2	37	4.4	118.8734466	0.306	5.2
53.2	369	12.9	35	4.6	111.3634356	0.298	4.9
52.5	372	12.6	32	4.9	12.1789279	0.283	4.3
51.2	391	12.3	3	5	123.876257	0	3.9
68.1	218	54.2	95	0.1	3332.918533	0.691	13.4
68	22	53.2	94	0.1	2835.973972	0.689	13.3
67.9	22	52.2	93	0.1	2259.55796	0.687	13.3
67.8	221	51.2	91	0.1	238.891729	0.683	13.2
67.7	221	5.2	9	0.1	276.1338	0.681	13.1
78.7	12	57.6	98	0.1	37636.11173	0.869	18.3
78.4	98	57.1	98	0.1	32816.1688	0.866	18.1
78.1	98	56.6	98	0.1	26834.2625	0.863	18
78	1	56.1	98	0.1	24913.24452	0.856	17.7
77.5	15	55.5	99	0.1	24253.2542	0.847	17.3
82	94	57	98	0.1	33874.74255	0.857	15.5
79.3	99	56.4	97	0.1	29691.18158	0.852	15.4
79.2	11	55.8	97	0.1	24275.2426	0.851	15.5
79	13	55.2	97	0.1	22527.31775	0.849	15.6
78.8	13	54.6	97	0.1	22465.64184	0.844	15.7
59.7	322	3.3	45	11.1	5685.577736	0.64	12.3
59.7	32	29.8	45	11	4892.11618	0.638	12.3
59.7	315	29.2	45	10.7	412.55271	0.636	12.3
59.8	37	28.7	45	10.1	3976.14887	0.633	12.3
61	296	28.1	45	9.5	4116.46693	0.637	12.2
72.3	134	48.1	78	0.1	127.367228	0.694	12
72.7	132	47.5	75	0.1	928.18227	0.684	11.8
71.7	142	47	84	0.1	779.3845935	0.677	11.8
73	121	46.5	87	0.1	733.974142	0.673	11.7
71.8	129	46	8	0.1	691.997711	0	11.4
79.1	86	57.1	96	0.1	34165.9343	0.877	16.4
78.5	9	56.6	97	0.1	3359.95215	0.872	16.3
78.4	91	56.1	93	0.1	2525.16445	0.867	16.3
78.3	92	55.6	93	0.1	23687.31689	0.86	16.2
78	95	55.1	9	0.1	23718.7467	0.855	16.2
58.3	34	21.8	8	3.2	423.1936389	0.491	7.7
57.9	38	21.2	8	3.4	373.2815537	0.489	7.9
57.6	31	2.7	78	3.5	39.484473	0.484	7.6
57.4	39	2.1	79	3.5	273.6596668	0.485	8
57.2	38	19.5	88	3.6	263.1124679	0.48	7.7
79.2	81	59.9	95	0.1	21955.149	0.83	15.3
79.1	81	59.2	94	0.1	18477.57841	0.823	15.2
79	81	58.6	92	0.1	1411.31339	0.811	14.6
78.7	83	58	91	0.1	12538.17883	0.801	14.2
78.2	84	57.4	89	0.1	1242.95373	0.794	13.9
73	187	39.9	83	0.1	5836.17763	0	14.8
71.1	173	39.4	97	0.1	5773.73577	0	14.6
79	176	38.8	98	0.1	5292.232379	0	14.4
77	178	38.2	96	0.1	519.958715	0	14.3
74	182	37.7	97	0.1	5117.589923	0	14.1
69.6	21	43.1	87	0.4	1872.73783	0.564	9.3
69.4	24	42.4	84	0.4	1753.349471	0.56	9
69.3	21	41.7	82	0.3	171.771491	0.553	8.8
68.4	211	41.1	77	0.3	1568.376276	0.546	8.5
67.7	221	4.4	81	0.2	1655.596261	0.539	8.2
54	334	18.1	6	2.8	386.3288283	0.325	5.1
53.3	338	17.7	57	2.9	37.1931781	0.338	5.9
52.9	337	17.3	53	3	322.811171	0.329	5.5
52.5	336	16.9	5	3	315.83983	0.322	5.1
52.5	328	16.6	46	3	34.516918	0.316	4.8
53.5	38	19.6	64	5	393.3138244	0	7.7
53	38	19	6	4.6	36.5718585	0	7.4
52.8	35	18.5	57	4.1	321.481324	0	7.1
52.5	32	17.9	53	3.6	39.486749	0	6.7
52.1	3	17.4	49	3.1	297.7519443	0	6.4
65.1	237	38.4	91	1.9	145.58861	0.613	11.2
65.3	237	37.8	9	2.1	986.7958173	0.611	11.1
65.3	244	37.1	91	2.3	96.8674827	0.609	11
65.4	247	36.4	85	1.7	925.582546	0.606	10.9
65.4	246	35.7	88	1.1	946.599372	0.602	10.9
58.7	32	37.5	55	4.3	387.9429725	0.45	8.1
59.7	3	36.5	53	4.6	329.782946	0.447	8.1
59.3	33	35.6	48	4.8	393.16327	0.444	8
58.9	35	34.8	45	5	413.7383164	0.443	7.9
58.6	35	34	41	5.1	462.486524	0.439	7.8
72.2	165	42	94	1.2	1217.657961	0.571	10.4
71.9	166	41.2	92	1.4	1157.3427	0.566	10.3
71.6	169	4.4	95	1.5	1132.8721	0.561	10.1
71.3	171	39.6	96	1.6	113.4546	0.557	9.9
71	174	38.8	94	1.7	188.783165	0.551	9.8
72.9	18	58.2	99	0.1	1259.5266	0.793	15.3
72.5	184	57.6	99	0.1	8396.25323	0.784	14.9
72.5	184	57.1	99	0.1	665.6443	0.775	14.6
72.3	185	56.6	99	0.1	527.85364	0.769	14.2
71.7	193	56.1	99	0.1	4623.46712	0.761	13.9
88	65	56.5	99	0.1	46917.27216	0.873	18.3
87	65	55.9	97	0.1	3944.999	0.866	17.6
84	7	55.4	95	0.1	31996.2172	0.859	17.2
80	72	54.8	92	0.1	28585.9254	0.854	17.1
79.7	74	54.2	98	0.1	31813.37344	0.847	16.8
64	214	13	63	0.3	621.3183767	0.518	9.2
63.7	216	12.6	61	0.3	541.1352279	0.505	8.6
63.3	219	12.2	59	0.3	466.2842	0.499	8.4
62.9	222	11.8	59	0.3	447.138966	0.494	8.3
62.5	224	11.4	58	0.3	438.864634	0.489	8.3
65.3	213	18.2	71	0.1	1148.56996	0.624	11
66.9	189	17.5	71	0.1	164.59447	0.613	10.8
66.7	189	16.7	7	0.1	899.5556857	0.608	10.6
66.5	188	16	76	0.1	747.9817455	0.604	10.6
66.3	188	15.4	75	0.1	78.92744	0.597	10.7
67.2	21	51.9	74	0.1	1391.816923	0.603	9.8
78.3	82	54.4	89	0.1	47631.6377	0.88	17.1
78	82	53.6	86	0.1	4117.15532	0.87	16.8
77.4	88	52.9	83	0.1	32539.1937	0.862	16.5
77	89	52.2	84	0.1	28223.55528	0.857	16.4
76.4	94	51.5	86	0.1	26241.91883	0.848	16.2
81	69	6.1	95	0.1	19888.172	0.863	15.9
79.7	71	59.6	93	0.1	18946.99942	0.863	16
79.3	74	59.2	9	0.1	18431.15696	0.855	15.3
79.3	74	58.7	92	0.1	236.19646	0.85	15.1
78.9	76	58.3	93	0.1	2152.1432	0.845	15.2
89	66	57.6	94	0.1	31174.56118	0.846	15.6
79.9	72	57	96	0.1	27387.2258	0.841	15.4
80	72	56.4	93	0.1	22196.5736	0.836	15.2
79.8	75	55.7	93	0.1	24.819	0.828	14.9
79.4	77	55	87	0.1	251.2426	0.823	14.8
73.3	165	45.4	98	2.3	3719.97351	0.689	11.1
73.1	166	44.5	96	2.3	3465.221998	0.694	11.9
73	167	43.5	99	2.3	3596.496282	0.69	11.7
72.7	171	42.5	99	2.2	3394.878	0.68	10.9
72.6	171	41.6	93	2.2	336.8742	0.682	11.4
82.1	68	23.8	99	0.1	37688.72234	0.866	14.8
81.9	7	23.4	97	0.1	3488.3992	0.863	14.8
81.8	7	22.9	96	0.1	32289.3554	0.86	14.7
81.5	72	22.5	95	0.1	33846.46564	0.856	14.6
81.1	74	22.2	85	0.1	38532.488	0.852	14.5
72.5	125	57	95	0.1	261.456882	0.723	13.5
72.3	127	56.3	97	0.1	1889.213962	0.717	13.2
72.1	129	55.5	95	0.1	1812.288374	0.712	13
71.9	131	54.8	99	0.1	1728.2659	0.706	12.7
71.7	133	54	91	0.1	1657.889256	0.7	12.6
64.7	287	45.8	82	0.1	2874.288291	0.725	13.5
64.4	282	45.3	99	0.1	268.123657	0.714	13.1
64.7	276	44.8	95	0.1	1658.31146	0.7	12.7
64.4	284	44.4	95	0.1	149.926751	0.685	12.3
63.9	292	43.9	97	0.1	1229.958	0.676	12.1
53	432	15.9	73	13.2	458.8843551	0.461	8.9
52.4	437	15.5	73	14.5	436.6875357	0.45	8.2
52.1	437	15.1	84	15.7	395.8493511	0.451	8.5
51.9	434	14.7	8	16.9	41.7763612	0.447	8.4
51.9	428	14.4	82	18.1	43.9797132	0.448	8.4
64.8	214	71.4	62	0.1	113.6286	0	12.4
64.7	215	7.6	7	0.1	115.3865	0	11.6
64.6	217	69.7	77	0.1	826.58554	0	11.7
64.3	219	68.8	85	0.1	734.9492461	0	10.4
64.1	222	67.9	9	0.1	796.7937634	0	10
73.5	91	65.9	98	0.1	26921.8278	0.791	14.4
73.4	93	65.5	99	0.1	2271.56961	0.788	14.1
73.3	94	65	99	0.1	17789.41981	0.785	13.9
73.2	95	64.5	99	0.1	1654.96761	0.786	14
73.2	96	64	98	0.1	18389.38433	0.786	14.1
71	26	56.6	99	0.1	6351.8125	0.776	15.5
78	29	56.3	98	0.1	5134.95694	0.761	15.2
73	219	56	97	0.1	4132.34927	0.746	14.8
69.9	228	55.7	97	0.1	3572.8513	0.728	14.2
71	218	55.4	96	0.1	3352.731296	0.716	13.7
73.7	13	6.2	75	0.1	5424.22356	0	14.2
73.5	15	59.7	74	0.1	5425.6697	0	14.8
73.2	17	59.1	77	0.1	5436.595223	0	15.2
73	11	58.6	8	0.1	5253.122599	0	15
72.7	112	57.9	83	0.1	5334.93329	0	14.9
44.8	666	26.9	9	34.6	781.5145936	0.439	10.7
45.5	648	26.4	9	33.8	63.636279	0.44	10.5
46.4	622	25.9	84	32.5	47.89395	0.446	10.4
47.8	586	25.4	78	31.2	437.819184	0.443	10.3
49.3	543	24.9	83	29.8	474.8197876	0.445	9.6
54	329	21.5	31	3.2	149.4452549	0.335	10.2
50	42	21.1	35	3.2	133.494518	0.373	10.3
56	371	2.7	39	3.1	177.285187	0.376	10.4
51.5	333	2.4	42	3.1	174.1815473	0.386	10.5
51.9	39	2.2	46	3.1	183.4149991	0.338	8.7
71.5	141	55.3	97	0.1	586.8364	0.747	15.9
71.3	144	54.6	95	0.1	4676.96753	0.74	16
71.1	146	54	93	0.1	375.442638	0.736	15.8
71	147	53.4	94	0.1	6269.58123	0.732	15.7
78	148	52.8	94	0.1	7145.628494	0.727	15.5
71.6	24	58.1	94	0.1	676.966998	0.792	16.3
71.6	22	57.8	94	0.1	555.535669	0.78	15.8
71.4	22	57.5	95	0.1	4146.987928	0.77	15.3
71.2	21	57.2	95	0.1	353.147337	0.757	14.7
71.6	2	56.9	94	0.1	3297.35471	0.745	14
78.7	92	56.4	99	0.1	75716.3518	0.867	13.5
78.6	92	55.8	98	0.1	65445.8853	0.865	13.6
78.3	95	55.2	99	0.1	5293.64115	0.86	13.5
78	96	54.6	99	0.1	48179.4285	0.854	13.4
77.8	98	54	99	0.1	48735.99549	0.848	13.5
64	267	15.4	78	0.6	245.1235876	0.466	8.7
59.9	268	15	66	0.7	316.7998965	0.457	8.5
59.3	271	14.7	62	0.7	262.2859481	0.462	8.3
58.7	276	14.3	6	0.7	278.555732	0.456	8.2
57.9	283	13.9	57	0.6	245.939659	0	8
45.1	615	15.5	89	23.4	274.2256294	0.366	10
44.6	613	15.2	84	24.2	26.152517	0.362	10.3
44	67	14.8	64	24.7	29.9798977	0.388	10.4
43.5	599	14.4	9	25.1	146.7615397	0.387	10.1
43.1	588	14.1	75	25.5	153.2594872	0.391	10.7
73.2	137	29.8	95	0.1	4955.477743	0.731	12.7
73.1	138	28.8	96	0.1	4463.675893	0.724	12.1
72.9	14	27.9	94	0.1	4167.364387	0.723	12
72.7	144	27	96	0.1	3915.11546	0.725	11.9
72.4	149	26	98	0.1	445.17471	0.715	11.6
73.4	16	17.3	96	0.1	3853.33348	0.617	12.2
72.7	112	16.7	98	0.1	3432.247841	0.601	11.8
71.8	124	16.2	98	0.1	32.37239	0.597	12
78	129	15.6	98	0.1	298.67598	0.587	11.8
69.6	139	15.2	98	0.1	2182.99711	0.577	11.3
52.8	296	17.5	69	2	439.3572924	0.333	5.5
52	299	17	63	2.2	391.791281	0.318	5.2
51.2	31	16.5	61	2.3	334.22416	0.308	4.9
55	34	16.1	49	2.4	36.8473237	0.297	4.6
49.8	37	15.6	43	2.5	269.3483829	0.291	4.4
78.7	69	64.5	89	0.1	1519.5497	0.797	14.2
78.5	71	63.9	94	0.1	13689.98999	0.79	13.8
78.2	75	63.4	95	0.1	11843.9392	0.786	13.8
77.8	79	62.8	95	0.1	1121.78636	0.783	13.7
77.5	8	62.3	94	0.1	1139.5651	0.779	13.8
64	224	23.6	7	1.3	62.547286	0.451	6.7
63	226	22.9	76	1.3	528.586613	0.447	6.6
62	228	22.3	89	1.2	46.9542322	0.446	6.5
61	229	21.7	75	1.2	464.229758	0.444	6.5
60	23	21.1	51	1.1	477.476124	0.443	6.4
71.9	168	27.5	98	0.1	5229.876738	0.696	12.8
71.5	174	26.9	99	0.1	4623.347642	0.687	12.6
71.5	179	26.4	88	0.1	3957.51296	0.683	12.5
71.5	177	25.8	92	0.1	3792.182152	0.673	12.2
71	177	25.3	88	0.1	3861.32414	0.667	12.1
75.4	124	55.7	98	0.1	7199.59665	0.714	12.1
75	127	54.9	98	0.1	6751.998987	0.708	11.9
75	127	54.1	97	0.1	716.8219	0.703	11.6
75	126	53.2	97	0.1	731.378864	0.7	11.6
74.8	129	52.4	97	0.1	672.92113	0.694	11.4
64	284	41.3	99	0.1	797.8377432	0.621	11.2
64	271	4.5	98	0.1	646.561295	0.609	10.5
63.8	263	39.8	98	0.1	571.51883	0.599	10.1
63.2	266	39.1	95	0.1	524.145924	0.588	9.4
62.8	274	38.5	94	0.1	474.2133361	0.582	8.9
72	142	48.2	97	0.1	1948.812275	0.561	9.6
69.9	146	47.3	91	0.1	1721.973863	0.551	9.3
69.5	15	46.5	94	0.1	1413.757176	0.54	8.8
69	155	45.7	96	0.1	1336.775376	0.53	8.5
68.6	16	44.8	95	0.1	1332.382358	0.519	8
54	429	18.1	83	15.9	336.3318145	0.332	7
51	424	17.7	85	15.3	283.8911588	0.318	6.7
49.8	416	17.3	76	14.5	262.884551	0.311	6.2
49.5	48	16.9	73	13.4	256.4414872	0.298	5.8
49	43	16.5	7	12.2	277.6486591	0.291	5.4
63.5	228	15.7	82	0.5	219.8156688	0.455	7.8
63.2	231	15.2	78	0.5	219.782326	0.445	7.7
62.8	235	14.6	79	0.4	143.77651	0.435	7.6
62.5	239	14.1	73	0.4	138.9249275	0.427	7.6
62.1	243	13.6	82	0.4	193.187484	0.417	7.5
54.7	483	27.2	81	24	3288.257373	0.559	11.7
55	471	26.5	79	24.7	2482.36862	0.554	11.7
55.7	452	25.8	77	24.6	1713.47594	0.556	11.8
56.5	426	25.1	78	23.9	1834.29486	0.556	11.7
57.4	41	24.5	79	22.8	257.99557	0.559	11.5
64.7	218	13.4	8	0.2	287.4156	0.463	9.3
64.3	22	12.9	78	0.1	253.72412	0.457	9.2
63.1	238	12.4	72	0.1	246.375621	0.447	8.6
63.2	23	11.9	72	0.1	248.6183539	0.446	9
62.5	238	11.4	74	0.1	231.42554	0.439	8.9
79.2	77	55	98	0.1	39954.64222	0.885	16.5
78.7	8	54.2	98	0.1	35245.1647	0.881	16.5
78.4	81	53.4	97	0.1	28817.32321	0.882	16.9
78.3	82	52.6	97	0.1	26584.12169	0.878	16.7
78.1	84	51.8	97	0.1	25921.12794	0.873	16.5
79.2	79	61.5	89	0.1	2542.39935	0.884	18.4
79.1	82	6.9	9	0.1	21913.7817	0.881	18.2
78.7	83	6.3	9	0.1	16874.31232	0.873	17.5
78.5	83	59.6	9	0.1	13882.85683	0.868	17.4
78.6	87	58.9	9	0.1	13641.1272	0.864	17.2
71	194	45.7	79	0.3	191.55157	0.587	11
76	198	44.9	86	0.3	115.565314	0.583	11
75	197	44.2	85	0.4	11.147277	0.577	10.7
73	193	43.5	87	0.4	143.6758	0.57	10.4
73	192	42.8	83	0.4	116.2743	0.562	10.1
52.9	279	15	43	1.6	232.5661574	0.27	3.1
52.1	28	14.6	41	1.6	215.8548	0.266	3
51.4	282	14.3	39	1.6	177.828384	0.261	2.9
56	283	13.9	36	1.6	165.257247	0.255	2.9
50	284	13.6	34	1.5	158.455972	0.253	2.8
48.5	47	18.8	33	5.4	648.815852	0.445	8.5
48.1	41	18.3	29	5.4	512.65719	0	8.1
47.7	49	17.8	25	5.3	459.4572117	0	7.7
47.4	48	17.3	27	5.1	351.7996666	0	8
47.1	45	16.9	29	4.9	379.1193264	0	7.6
79.8	77	55.9	92	0.1	5757.26916	0.924	17.5
79.4	78	55.3	92	0.1	5111.65445	0.918	17.1
78.9	81	54.6	93	0.1	4361.1538	0.916	17.1
78.8	82	54	91	0.1	38549.58934	0.917	17.5
78.5	85	53.3	9	0.1	38146.71539	0.911	17.1
74	122	48.9	99	0.1	1129.28886	0.734	11.5
73.6	127	48.1	99	0.1	969.8126	0.725	11.2
73.3	13	47.3	99	0.1	8629.11774	0.716	11
72.9	134	46.5	99	0.1	8476.61511	0.705	10.7
72.6	138	45.9	99	0.1	861.18596	0	10.4
63.7	183	18.4	65	0.1	649.848233	0.474	5.6
63.5	185	17.9	67	0.1	563.594342	0.465	5.6
63.2	187	17.4	68	0.1	499.8633	0.457	5.5
63	189	16.9	65	0.1	51.6568157	0.45	5.4
62.8	19	16.4	62	0.1	533.8624114	0.445	5.3
75.8	123	49.5	95	0.2	4591.892776	0.733	12.8
75.5	126	48.6	98	0.1	4267.13578	0.728	12.8
75.7	125	47.8	99	0.2	4126.14671	0.725	12.6
75.5	124	46.9	99	0.1	446.372833	0.721	12.4
75.7	121	45.9	98	0.2	46.29935	0.716	12.1
59.9	314	4.4	62	1.5	637.3616215	0.439	7.6
59.6	321	39.6	68	1.4	588.3582595	0.433	7.2
59.3	327	38.9	61	1.4	511.665773	0.428	6.9
59.1	331	38.2	55	1.3	539.41528	0.422	6.6
58.9	335	37.5	59	1.1	631.9468526	0.418	6.2
71.9	165	42	92	0.2	148.527976	0.639	12.1
71.7	166	41.3	86	0.1	1174.779347	0.642	12.7
71.5	168	4.6	87	0.1	1148.229882	0.632	12.2
71.2	17	39.8	89	0.1	1417.26582	0.624	11.8
79	172	39.1	86	0.1	1545.626423	0.625	11.6
72.2	151	48.1	86	0.4	2448.143899	0.685	12.8
72.1	152	47.4	94	0.4	218.25997	0.686	13.3
72.6	144	46.7	95	0.4	259.192958	0.686	13.9
72.4	142	46.1	9	0.5	1981.243653	0.677	13.4
71.4	154	45.4	98	0.5	1996.719689	0.674	13.5
67.3	218	19.6	88	0.1	179.3715	0.636	11.6
67.2	217	19.2	84	0.1	11.553196	0.631	11.6
66.8	221	18.7	79	0.1	1.68135	0.625	11.4
66.8	221	18.3	79	0.1	957.287441	0.622	11.4
66.8	219	17.8	78	0.1	138.91977	0.618	11.4
74.9	143	55	99	0.1	6681.178818	0.8	15.5
74.7	142	54.5	99	0.1	5693.52416	0.796	15.3
74.5	145	54	99	0.1	5196.932921	0.79	15
74.2	149	53.6	98	0.1	4981.198619	0.784	14.7
73.7	153	53.1	98	0.1	4492.72764	0.777	14.6
78	99	53.3	95	0.1	1845.5881	0.792	15.9
77.3	15	52.5	99	0.1	15772.7334	0.789	15.8
77.2	17	51.7	98	0.1	12882.28897	0.788	15.9
76.9	11	5.9	97	0.1	11729.14616	0.782	15.7
76.6	11	5.1	96	0.1	1152.39681	0.777	15.5
76.6	84	65	96	0.1	41818.35256	0.826	13.5
76.5	85	64.7	92	0.1	34176.98183	0.815	12.8
76.4	85	64.1	96	0.1	2999.65492	0.807	12.2
76.3	87	63.3	93	0.1	2843.63635	0.809	12.6
76.2	88	62.4	8	0.1	29986.2915	0.808	13
71.7	165	53.4	97	0.1	3552.92452	0.733	12.9
71.1	174	52.9	97	0.1	2774.95586	0.722	12.5
77	178	52.4	98	0.1	2124.873613	0.714	12
78	179	51.9	99	0.1	1839.72945	0.708	11.7
77	175	51.4	99	0.1	1668.162731	0.703	11.5
64.9	321	55	97	0.3	412.372294	0.741	13.6
64.6	322	54.7	96	0.4	2975.132778	0.733	13.2
64.8	313	54.5	97	0.3	2375.5944	0.727	12.8
65.1	38	54.2	96	0.3	21.362386	0.72	12.5
65	37	54	96	0.2	1771.58662	0.709	12.1
53.4	397	14.9	89	7.7	236.9114381	0.371	8.2
52	48	14.5	96	8.1	212.6619491	0.359	7.6
57	415	14.1	88	8	196.59778	0.343	7.2
48.6	438	13.7	77	8.1	21.569654	0.332	7.1
48.3	426	13.2	9	8.5	216.172747	0.318	6.6
71.4	162	68.9	55	0.1	2351.33814	0.665	12.4
79	169	68.2	83	0.1	197.29417	0.659	12.3
76	174	67.4	86	0.1	1631.41727	0.653	12.1
75	175	66.5	85	0.1	1555.47451	0.645	12
72	18	65.6	95	0.1	154.68923	0.64	12.1
63.8	224	22.8	96	1.6	693.345683	0.509	9.8
63.4	225	22.2	94	1.6	649.342153	0.504	9.7
63.1	226	21.7	92	1.4	555.8185378	0.501	9.6
62.8	225	21.1	92	1.5	51.216381	0.497	9.4
73.1	12	59.4	96	0.1	11138.8746	0.754	12.3
73	13	58.5	95	0.1	9567.458285	0.747	12.2
72.9	15	57.7	95	0.1	8655.311531	0.745	12.1
72.8	17	56.9	97	0.1	8643.4944	0.742	12
72.6	11	56.2	95	0.1	9126.954277	0.737	11.8
59.7	247	19.1	87	0.7	733.581811	0.408	6.2
59	251	18.7	73	0.7	642.7663113	0.401	5.9
58.4	252	18.3	6	0.7	513.26227	0.397	5.7
57.9	251	17.9	52	0.6	481.287397	0.381	5.4
57.5	25	17.5	52	0.5	473.45338	0.378	5.2
73	134	53.3	88	0.1	3331.228766	0.72	13.1
73	134	52.8	89	0.1	2832.49652	0.715	13
72.9	133	52.2	95	0.1	2149.9944	0.715	13.2
73.1	135	51.7	93	0.1	1634.87561	0.709	13.1
72.6	141	51.2	95	0.1	87.1365252	0.702	13
72.1	186	29.2	99	0.1	1176.65871	0.715	12.3
72.1	185	28.7	99	0.1	8524.961236	0.713	12.1
72.1	186	28.1	99	0.1	8331.261997	0.712	12.1
72	187	27.6	96	0.1	7663.1378	0.714	12.2
71.8	188	27.1	98	0.1	7578.85153	0	12.3
42.3	496	18.8	65	2.1	263.145817	0.332	7.6
41.5	57	18.4	73	1.9	263.7618312	0.322	7.4
48	513	17.9	53	1.7	249.939542	0.306	7.2
41	519	17.5	38	1.5	227.779471	0.302	7
39	533	17.2	44	1.2	139.3147734	0.292	6.7
79.7	71	29.9	95	0.1	2745.27136	0.82	12.7
79.3	73	29.6	96	0.1	23573.6284	0.819	12.7
79	74	29.2	94	0.1	2216.83279	0.818	12.6
78.7	76	28.9	96	0.1	21577.7823	0.82	12.7
78.3	78	28.5	98	0.1	23792.677	0.81	12.5
77.2	113	53.5	94	0.1	1726.9151	0.85	16.6
76.5	119	52.9	95	0.1	1488.47154	0.843	16.1
76.6	117	52.3	93	0.1	11814.9994	0.835	15.6
76.2	124	51.8	92	0.1	1479.29634	0.824	14.7
76	122	51.2	91	0.1	1227.73677	0.818	14.6
67.1	29	41.3	9	0.1	818.442619	0.459	8.1
66.8	215	4.4	84	0.1	744.7657423	0.453	8
66.5	22	39.6	78	0.1	784.9562874	0.446	7.3
66.2	227	38.7	84	0.1	944.81684	0.442	6.6
65.8	235	37.9	86	0.1	154.518572	0.455	7.2
53.7	497	42.9	74	29.7	4863.51688	0.611	12.9
54	485	42.2	69	28.9	3775.68275	0.613	12.9
54.9	459	41.6	7	26.6	2518.398261	0.62	12.9
56	429	4.9	71	24	2681.781	0.629	13
57.3	397	4.1	73	21.3	337.2253	0.635	13
81	79	59.9	97	0.1	24918.64584	0.833	15.6
79.4	83	59.3	98	0.1	21495.7741	0.83	15.6
79.5	83	58.8	98	0.1	1719.53541	0.828	15.7
79.4	84	58.2	96	0.1	15323.6114	0.825	15.7
79.1	86	57.6	95	0.1	14676.769	0.82	15.7
69.1	197	16.1	97	0.1	174.6692	0.705	12.8
73.9	146	15.6	99	0.1	989.4547732	0.697	12.7
73.7	149	15.1	98	0.1	873.1472436	0.699	12.6
72.7	16	14.6	98	0.1	837.699787	0.686	12.5
71.5	175	14.1	99	0.1	875.412178	0.677	12.4
68.3	214	5.4	85	0.9	36.48773	0	11.1
68	223	49.7	75	1	263.1399	0	10.9
67.9	221	49	73	1.6	2232.513244	0	11
67.7	219	48.3	68	1.8	1598.77512	0	11
67.4	224	47.6	71	0.4	1888.61829	0	11.1
45.6	69	27.4	86	50.3	2529.633557	0.492	9.4
45.9	6	27.1	85	50.6	22.99449	0.493	9.1
46.4	587	26.7	85	49.9	1324.996228	0.502	9.2
47.1	568	26.3	84	48.8	1437.634951	0.506	9.3
48.4	536	25.9	84	46.4	1637.4567	0.516	9.4
83	7	54.9	99	0.1	42442.2245	0.888	16
82	69	54.4	99	0.1	36961.42537	0.882	15.9
79.9	71	53.9	99	0.1	29571.7446	0.88	15.9
79.8	73	53.4	99	0.1	26969.24457	0.877	15.9
79.6	73	52.8	99	0.1	29283.55	0.873	15.9
81	69	52.8	93	0.1	53255.97631	0.895	15.1
85	72	52.3	93	0.1	4796.56497	0.889	15
84	74	51.8	93	0.1	41336.72192	0.89	15.2
82	75	51.3	93	0.1	38538.64447	0.888	15.2
79.7	78	5.8	93	0.1	37813.23426	0.879	15.1
73.2	131	46.8	81	0.1	148.852738	0.61	10.6
73	134	46	83	0.1	1253.39143	0.599	10.3
72.8	135	45.3	84	0.1	1263.13455	0.596	10.2
72.7	135	44.6	82	0.1	1258.421953	0.589	10.1
72.6	136	43.9	84	0.1	1177.629268	0.588	10
65.9	177	33	86	0.3	39.281834	0.563	10.5
65.2	182	32.5	85	0.3	236.314438	0.553	10.1
64.3	193	32.1	85	0.3	189.3878519	0.543	9.8
64	194	31.6	85	0.3	17.8159721	0.535	9.7
63.7	198	31.3	83	0.3	138.436633	0.529	9.6
71.6	189	21.7	98	0.5	2659.83918	0.674	11.9
71.7	189	2.9	98	0.6	2358.93629	0.666	11.8
71.4	192	2.2	96	0.7	296.54617	0.657	11.5
71.2	194	19.4	96	0.8	1893.145377	0.649	11.2
71.1	194	18.7	97	0.8	27.564826	0.64	10.9
62.3	229	13.2	57	0.1	467.5438297	0.484	10.2
61	25	12.9	55	0.1	471.4565823	0.485	9.8
62	261	12.6	54	0.1	48.61552	0.475	9.8
54.9	355	18.4	71	5.1	349.9937253	0.432	10
54.7	355	17.9	72	5.2	31.437144	0.428	9.9
54.7	351	17.5	59	5.3	28.832123	0.428	9.7
54.6	345	17.1	5	5.3	26.6394652	0.426	9.4
54.6	339	16.6	64	5.1	26.3932935	0.425	9.3
72.2	151	68.6	9	0.1	2284.37858	0.693	14.6
72	153	67.8	9	0.1	229.714718	0.683	13.7
71.9	155	67	84	0.1	1842.44421	0.679	13.5
71.8	157	66.2	89	0.1	1837.977391	0.674	13.2
71.6	158	65.5	91	0.1	263.27236	0.676	13.7
69.4	19	36.8	94	1	129.51914	0.736	12.2
69.3	191	36	91	0.5	884.518666	0.729	12
69.2	192	35.2	96	2	749.626612	0.721	11.9
69.1	194	34.4	91	1.2	6935.721451	0.715	11.8
69.1	197	33.6	9	0.9	643.947262	0.709	11.7
74	15	51.4	97	0.1	3112.83529	0.673	13.6
73.7	17	5.6	95	0.1	2761.969249	0.667	13.5
73.5	19	49.7	96	0.1	2346.5937	0.662	13.3
73.2	11	48.9	98	0.1	2254.933126	0.654	13.1
72.9	112	48.1	97	0.1	2213.91488	0.646	12.8
72	132	56.8	85	0.1	64.72953	0.675	12
71.6	135	55.9	68	0.1	4718.51291	0.668	11.9
71.2	138	55.1	78	0.1	366.57	0.658	11.5
78	14	54.3	88	0.1	3119.63716	0.653	11.1
74	143	53.5	85	0.1	4316.553895	0.641	10.7
63.5	238	4	97	0.1	1453.917166	0	10.3
63.4	231	39.4	83	0.1	1283.885977	0	10.3
63.3	229	38.7	98	0.1	967.917468	0	10.2
64	221	38.1	95	0.1	774.4763388	0	10.2
63.8	224	37.5	97	0.1	643.17518	0	0
51.3	485	14.2	62	8.9	288.236949	0.427	11.6
51	53	13.9	59	9.4	237.9995917	0.418	11.5
48.8	523	13.6	57	10	24.2423229	0.404	11
47.7	539	13.3	55	10.8	234.984775	0.396	10.8
46.6	554	13	52	11.6	257.63369	0.382	9.8
67.4	267	56.1	99	1	1367.352433	0.7	14.6
67.6	256	55.7	97	0.9	148.522488	0.691	14.3
67.6	256	55.4	99	0.9	879.475486	0.683	13.9
67.7	253	55.1	99	0.8	78.738243	0.673	13.2
67.5	257	54.8	99	0.7	635.789635	0.669	13.3
75.1	95	57	94	0.1	36161.1761	0.813	12.4
74.9	98	56.8	94	0.1	3323.52318	0.808	12.3
74.7	11	56	94	0.1	31311.35936	0.803	12.1
74.5	14	55	94	0.1	3161.52935	0.798	12
74.2	17	54.1	94	0.1	3371.26869	0.791	11.8
75.4	122	57.7	94	0.1	4117.38853	0.75	15.5
75.4	121	57	91	0.1	3622.52284	0.747	15
75.4	124	56.3	95	0.1	488.768855	0.746	14.7
75.2	123	55.7	94	0.1	6281.37747	0.742	14.2
75.1	131	55	9	0.1	6871.897677	0.738	14
67.8	183	37	99	0.3	465.1198869	0.613	11.6
67.2	183	36.4	98	0.3	396.129969	0.607	11.3
67.1	186	35.9	99	0.2	383.3494997	0.6	11
67.4	185	35.3	99	0.2	456.734892	0.594	10.7
67.1	189	34.8	99	0.1	558.221144	0	10.6
69.6	169	44.1	69	0.1	1787.94723	0	10.7
69.4	173	43.3	69	0.1	158.52724	0	10.4
69.3	176	42.6	7	0.1	1353.934819	0	10.2
69.1	179	41.9	7	0.1	1362.61731	0	10.1
69	18	41.1	71	0.1	1469.849149	0	9.6
47.9	578	18	83	17.6	53.2772217	0.456	10.5
46.4	64	17.6	83	18.2	429.1583434	0.443	10.2
45.5	69	17.3	84	18.4	377.135244	0.433	10
44.6	611	17.1	85	18.6	378.2736238	0.424	9.8
43.8	614	16.8	85	18.7	341.955625	0.418	9.6
44.3	723	27.1	65	33.6	454.366654	0.407	9.2
44.5	715	26.7	68	36.7	453.3511552	0.418	9.5
44.8	73	26.3	71	39.8	57.34834	0.427	10
45.3	686	25.9	75	42.1	548.587312	0.427	9.8
46	665	25.5	78	43.5	547.3588785	0.434	9.8
